6668696999
6665198137
6152490577
6148888817
6148731877
6032718017
5838114181
5792144653
5727064289
5726351125
4159360001
4155057733
4150219789
4122116161
4121362133
3450442465
2612941633
2425549825
1940439841
1893112001
1695323521
1595598593
1593501121
1554635201
1301553289
1295384581
1219185473
1106998201
1106931173
1089335521
1088879045
871103233
613267201
611414101
603674605
475022401
383881681
363677365
287436241
287392613
260428609
213518977
183016261
175740241
175691585
140234225
112187361
62761921
59458645
47523841
47497301
45184321
35304193
35050069
34464673
32710609
30931057
30919397
30863917
25542385
17664001
17655553
17457089
16065937
15327313
15155009
14661857
12567301
11828033
10138309
10130401
9500401
